2.600000000000000000e+01 1.800000000000000000e+01 4.000000000000000000e+01
1.200000000000000000e+01 4.000000000000000000e+00 1.800000000000000000e+01
8.000000000000000000e+00 4.000000000000000000e+00 1.800000000000000000e+01
1.000000000000000000e+01 -6.000000000000000000e+00 8.000000000000000000e+00
-2.000000000000000000e+00 -2.200000000000000000e+01 1.200000000000000000e+01
-2.000000000000000000e+00 -1.400000000000000000e+01 4.000000000000000000e+00
-2.000000000000000000e+00 -2.000000000000000000e+01 1.000000000000000000e+01
2.000000000000000000e+00 -1.600000000000000000e+01 -1.400000000000000000e+01
2.000000000000000000e+00 -1.600000000000000000e+01 -8.000000000000000000e+00
4.000000000000000000e+00 -2.000000000000000000e+00 -1.400000000000000000e+01
-4.000000000000000000e+00 -2.000000000000000000e+00 -6.000000000000000000e+00
-2.000000000000000000e+00 -8.000000000000000000e+00 1.200000000000000000e+01
-2.000000000000000000e+00 -2.000000000000000000e+01 1.600000000000000000e+01
-4.000000000000000000e+00 -2.000000000000000000e+01 6.000000000000000000e+00
6.000000000000000000e+00 -1.800000000000000000e+01 4.000000000000000000e+00
4.000000000000000000e+00 -1.800000000000000000e+01 -6.000000000000000000e+00
-4.000000000000000000e+00 -3.000000000000000000e+01 -6.000000000000000000e+00
0.000000000000000000e+00 -3.000000000000000000e+01 -6.000000000000000000e+00
0.000000000000000000e+00 -3.000000000000000000e+01 -1.000000000000000000e+01
0.000000000000000000e+00 -2.600000000000000000e+01 -1.000000000000000000e+01
-4.000000000000000000e+00 -3.800000000000000000e+01 -1.400000000000000000e+01
-1.200000000000000000e+01 -4.200000000000000000e+01 -2.600000000000000000e+01
-1.600000000000000000e+01 -4.200000000000000000e+01 -5.000000000000000000e+01
-1.400000000000000000e+01 -4.200000000000000000e+01 -6.000000000000000000e+01
-2.200000000000000000e+01 -4.200000000000000000e+01 -6.000000000000000000e+01
-1.600000000000000000e+01 -4.000000000000000000e+01 -5.800000000000000000e+01
-2.200000000000000000e+01 -4.200000000000000000e+01 -5.600000000000000000e+01
-2.200000000000000000e+01 -4.400000000000000000e+01 -5.600000000000000000e+01
-2.200000000000000000e+01 -4.000000000000000000e+01 -6.000000000000000000e+01
-3.000000000000000000e+01 -4.000000000000000000e+01 -6.000000000000000000e+01
-3.000000000000000000e+01 -4.000000000000000000e+01 -6.600000000000000000e+01
-2.600000000000000000e+01 -4.800000000000000000e+01 -7.000000000000000000e+01
-1.600000000000000000e+01 -5.000000000000000000e+01 -6.800000000000000000e+01
-2.600000000000000000e+01 -5.000000000000000000e+01 -7.000000000000000000e+01
-2.600000000000000000e+01 -5.400000000000000000e+01 -6.600000000000000000e+01
-2.000000000000000000e+01 -5.600000000000000000e+01 -6.000000000000000000e+01
-2.200000000000000000e+01 -3.800000000000000000e+01 -5.400000000000000000e+01
-3.000000000000000000e+01 -3.400000000000000000e+01 -5.400000000000000000e+01
-2.400000000000000000e+01 -3.400000000000000000e+01 -4.800000000000000000e+01
-2.400000000000000000e+01 -4.200000000000000000e+01 -4.800000000000000000e+01
-1.800000000000000000e+01 -4.200000000000000000e+01 -4.800000000000000000e+01
-3.000000000000000000e+01 -4.600000000000000000e+01 -6.000000000000000000e+01
-3.200000000000000000e+01 -4.000000000000000000e+01 -5.400000000000000000e+01
-2.800000000000000000e+01 -3.200000000000000000e+01 -5.000000000000000000e+01
-2.800000000000000000e+01 -4.400000000000000000e+01 -5.000000000000000000e+01
-3.800000000000000000e+01 -4.400000000000000000e+01 -5.000000000000000000e+01
-3.000000000000000000e+01 -4.800000000000000000e+01 -5.000000000000000000e+01
-3.000000000000000000e+01 -5.000000000000000000e+01 -5.000000000000000000e+01
-3.800000000000000000e+01 -4.200000000000000000e+01 -5.000000000000000000e+01
-3.200000000000000000e+01 -4.200000000000000000e+01 -5.000000000000000000e+01
-3.200000000000000000e+01 -5.800000000000000000e+01 -5.400000000000000000e+01
-3.800000000000000000e+01 -5.800000000000000000e+01 -6.400000000000000000e+01
-3.800000000000000000e+01 -5.400000000000000000e+01 -5.200000000000000000e+01
-3.800000000000000000e+01 -5.400000000000000000e+01 -5.200000000000000000e+01
-3.800000000000000000e+01 -5.400000000000000000e+01 -6.000000000000000000e+01
-3.800000000000000000e+01 -5.400000000000000000e+01 -7.200000000000000000e+01
-3.800000000000000000e+01 -5.400000000000000000e+01 -5.800000000000000000e+01
-2.600000000000000000e+01 -5.400000000000000000e+01 -5.800000000000000000e+01
-3.600000000000000000e+01 -6.800000000000000000e+01 -4.800000000000000000e+01
-2.800000000000000000e+01 -6.800000000000000000e+01 -5.600000000000000000e+01
-1.400000000000000000e+01 -7.800000000000000000e+01 -5.400000000000000000e+01
-1.400000000000000000e+01 -7.800000000000000000e+01 -6.000000000000000000e+01
-1.400000000000000000e+01 -7.800000000000000000e+01 -6.000000000000000000e+01
-2.000000000000000000e+01 -7.800000000000000000e+01 -6.000000000000000000e+01
-2.400000000000000000e+01 -8.200000000000000000e+01 -6.000000000000000000e+01
-2.400000000000000000e+01 -8.200000000000000000e+01 -6.000000000000000000e+01
-2.400000000000000000e+01 -8.200000000000000000e+01 -6.000000000000000000e+01
-2.400000000000000000e+01 -8.200000000000000000e+01 -6.000000000000000000e+01
-3.000000000000000000e+01 -1.000000000000000000e+02 -6.000000000000000000e+01
-3.000000000000000000e+01 -1.000000000000000000e+02 -6.000000000000000000e+01
-4.600000000000000000e+01 -1.000000000000000000e+02 -6.000000000000000000e+01
-4.600000000000000000e+01 -1.000000000000000000e+02 -6.000000000000000000e+01
-4.600000000000000000e+01 -1.000000000000000000e+02 -6.000000000000000000e+01
-4.600000000000000000e+01 -1.000000000000000000e+02 -6.000000000000000000e+01
-4.600000000000000000e+01 -1.000000000000000000e+02 -6.000000000000000000e+01
-4.600000000000000000e+01 -1.000000000000000000e+02 -6.000000000000000000e+01
-5.200000000000000000e+01 -1.000000000000000000e+02 -6.000000000000000000e+01
-5.200000000000000000e+01 -1.000000000000000000e+02 -6.400000000000000000e+01
-5.200000000000000000e+01 -1.000000000000000000e+02 -7.800000000000000000e+01
-5.200000000000000000e+01 -1.000000000000000000e+02 -7.800000000000000000e+01
-5.200000000000000000e+01 -1.000000000000000000e+02 -7.800000000000000000e+01
-5.200000000000000000e+01 -1.000000000000000000e+02 -7.800000000000000000e+01
-6.000000000000000000e+01 -1.080000000000000000e+02 -7.800000000000000000e+01
-6.000000000000000000e+01 -1.080000000000000000e+02 -7.800000000000000000e+01
-6.000000000000000000e+01 -1.080000000000000000e+02 -7.800000000000000000e+01
-6.000000000000000000e+01 -1.080000000000000000e+02 -7.800000000000000000e+01
-6.400000000000000000e+01 -1.080000000000000000e+02 -7.800000000000000000e+01
-6.400000000000000000e+01 -1.080000000000000000e+02 -7.800000000000000000e+01
-6.400000000000000000e+01 -1.080000000000000000e+02 -9.400000000000000000e+01
-6.800000000000000000e+01 -1.120000000000000000e+02 -9.400000000000000000e+01
-7.600000000000000000e+01 -1.120000000000000000e+02 -9.400000000000000000e+01
-7.600000000000000000e+01 -1.120000000000000000e+02 -9.400000000000000000e+01
-7.600000000000000000e+01 -1.120000000000000000e+02 -1.040000000000000000e+02
-7.600000000000000000e+01 -1.120000000000000000e+02 -1.040000000000000000e+02
-7.600000000000000000e+01 -1.120000000000000000e+02 -1.020000000000000000e+02
-7.600000000000000000e+01 -1.120000000000000000e+02 -1.020000000000000000e+02
-7.600000000000000000e+01 -1.120000000000000000e+02 -1.020000000000000000e+02
-7.600000000000000000e+01 -1.120000000000000000e+02 -1.020000000000000000e+02
-9.000000000000000000e+01 -1.120000000000000000e+02 -1.020000000000000000e+02
-9.000000000000000000e+01 -1.120000000000000000e+02 -1.200000000000000000e+02
-9.000000000000000000e+01 -1.120000000000000000e+02 -1.200000000000000000e+02
-9.000000000000000000e+01 -1.120000000000000000e+02 -1.200000000000000000e+02
-9.000000000000000000e+01 -1.120000000000000000e+02 -1.200000000000000000e+02
-9.000000000000000000e+01 -1.120000000000000000e+02 -1.200000000000000000e+02
-9.000000000000000000e+01 -1.240000000000000000e+02 -1.200000000000000000e+02
-8.600000000000000000e+01 -1.240000000000000000e+02 -1.200000000000000000e+02
-8.200000000000000000e+01 -1.240000000000000000e+02 -1.240000000000000000e+02
-8.200000000000000000e+01 -1.240000000000000000e+02 -1.240000000000000000e+02
-8.200000000000000000e+01 -1.240000000000000000e+02 -1.200000000000000000e+02
-8.200000000000000000e+01 -1.340000000000000000e+02 -1.200000000000000000e+02
-8.200000000000000000e+01 -1.340000000000000000e+02 -1.200000000000000000e+02
-8.200000000000000000e+01 -1.340000000000000000e+02 -1.200000000000000000e+02
-8.200000000000000000e+01 -1.340000000000000000e+02 -1.200000000000000000e+02
-8.600000000000000000e+01 -1.340000000000000000e+02 -1.200000000000000000e+02
-8.600000000000000000e+01 -1.340000000000000000e+02 -1.200000000000000000e+02
-8.600000000000000000e+01 -1.340000000000000000e+02 -1.200000000000000000e+02
-8.600000000000000000e+01 -1.340000000000000000e+02 -1.300000000000000000e+02
-8.600000000000000000e+01 -1.340000000000000000e+02 -1.300000000000000000e+02
-8.600000000000000000e+01 -1.340000000000000000e+02 -1.300000000000000000e+02
-8.600000000000000000e+01 -1.340000000000000000e+02 -1.300000000000000000e+02
-8.800000000000000000e+01 -1.340000000000000000e+02 -1.300000000000000000e+02
