-1.300000000000000000e+01
-1.300000000000000000e+01
-1.700000000000000000e+01
-2.100000000000000000e+01
-2.100000000000000000e+01
-2.100000000000000000e+01
-2.100000000000000000e+01
-1.500000000000000000e+01
-1.500000000000000000e+01
-1.500000000000000000e+01
-2.300000000000000000e+01
-2.900000000000000000e+01
-4.100000000000000000e+01
-4.100000000000000000e+01
-3.700000000000000000e+01
-3.700000000000000000e+01
-3.700000000000000000e+01
-4.700000000000000000e+01
-3.700000000000000000e+01
-4.300000000000000000e+01
-4.300000000000000000e+01
-4.700000000000000000e+01
-5.300000000000000000e+01
-5.100000000000000000e+01
-5.100000000000000000e+01
-5.100000000000000000e+01
-6.100000000000000000e+01
-6.100000000000000000e+01
-4.700000000000000000e+01
-4.900000000000000000e+01
-4.900000000000000000e+01
-4.900000000000000000e+01
-4.900000000000000000e+01
-4.900000000000000000e+01
-4.900000000000000000e+01
-4.900000000000000000e+01
-4.900000000000000000e+01
-5.500000000000000000e+01
-6.900000000000000000e+01
-6.900000000000000000e+01
-6.900000000000000000e+01
-6.900000000000000000e+01
-6.900000000000000000e+01
-6.900000000000000000e+01
-6.700000000000000000e+01
-6.700000000000000000e+01
-8.100000000000000000e+01
-8.100000000000000000e+01
-7.500000000000000000e+01
-7.900000000000000000e+01
-7.900000000000000000e+01
-7.900000000000000000e+01
-8.700000000000000000e+01
-8.700000000000000000e+01
-9.100000000000000000e+01
-9.100000000000000000e+01
-8.900000000000000000e+01
-9.100000000000000000e+01
-8.300000000000000000e+01
-7.500000000000000000e+01
-7.500000000000000000e+01
-7.500000000000000000e+01
-7.500000000000000000e+01
-8.500000000000000000e+01
-8.500000000000000000e+01
-8.500000000000000000e+01
-8.500000000000000000e+01
-8.500000000000000000e+01
-8.300000000000000000e+01
-7.700000000000000000e+01
-7.700000000000000000e+01
-7.700000000000000000e+01
-7.700000000000000000e+01
-7.700000000000000000e+01
-7.700000000000000000e+01
-7.700000000000000000e+01
-7.700000000000000000e+01
-7.700000000000000000e+01
-8.500000000000000000e+01
-9.500000000000000000e+01
-9.900000000000000000e+01
-9.900000000000000000e+01
-9.900000000000000000e+01
-1.030000000000000000e+02
-1.030000000000000000e+02
-1.030000000000000000e+02
-1.030000000000000000e+02
-1.050000000000000000e+02
-1.050000000000000000e+02
-1.050000000000000000e+02
-1.050000000000000000e+02
-1.050000000000000000e+02
-1.050000000000000000e+02
-1.070000000000000000e+02
-1.070000000000000000e+02
-1.070000000000000000e+02
-1.210000000000000000e+02
-1.190000000000000000e+02
-1.230000000000000000e+02
-1.230000000000000000e+02
-1.230000000000000000e+02
-1.210000000000000000e+02
-1.210000000000000000e+02
-1.150000000000000000e+02
-1.150000000000000000e+02
-1.270000000000000000e+02
-1.270000000000000000e+02
-1.270000000000000000e+02
-1.270000000000000000e+02
-1.270000000000000000e+02
-1.390000000000000000e+02
-1.390000000000000000e+02
-1.390000000000000000e+02
-1.350000000000000000e+02
-1.350000000000000000e+02
-1.350000000000000000e+02
-1.350000000000000000e+02
-1.350000000000000000e+02
-1.330000000000000000e+02
-1.330000000000000000e+02
-1.330000000000000000e+02
-1.330000000000000000e+02
-1.330000000000000000e+02
-1.330000000000000000e+02
-1.330000000000000000e+02
-1.330000000000000000e+02
-1.330000000000000000e+02
-1.330000000000000000e+02
-1.330000000000000000e+02
-1.330000000000000000e+02
-1.330000000000000000e+02
-1.330000000000000000e+02
-1.330000000000000000e+02
-1.410000000000000000e+02
-1.410000000000000000e+02
-1.410000000000000000e+02
-1.410000000000000000e+02
-1.410000000000000000e+02
-1.390000000000000000e+02
-1.390000000000000000e+02
-1.390000000000000000e+02
-1.390000000000000000e+02
-1.390000000000000000e+02
-1.390000000000000000e+02
-1.390000000000000000e+02
-1.390000000000000000e+02
-1.390000000000000000e+02
-1.390000000000000000e+02
-1.390000000000000000e+02
-1.390000000000000000e+02
-1.390000000000000000e+02
-1.390000000000000000e+02
-1.390000000000000000e+02
-1.390000000000000000e+02
-1.390000000000000000e+02
-1.390000000000000000e+02
-1.330000000000000000e+02
-1.150000000000000000e+02
-1.150000000000000000e+02
-1.070000000000000000e+02
-1.070000000000000000e+02
-1.070000000000000000e+02
-1.070000000000000000e+02
-1.070000000000000000e+02
-1.070000000000000000e+02
-1.070000000000000000e+02
-1.070000000000000000e+02
-1.070000000000000000e+02
-1.070000000000000000e+02
-1.070000000000000000e+02
-1.190000000000000000e+02
-1.190000000000000000e+02
-1.190000000000000000e+02
-1.190000000000000000e+02
-1.190000000000000000e+02
-1.190000000000000000e+02
-1.210000000000000000e+02
-1.230000000000000000e+02
-1.230000000000000000e+02
-1.230000000000000000e+02
-1.230000000000000000e+02
-1.230000000000000000e+02
-1.230000000000000000e+02
-1.230000000000000000e+02
-1.230000000000000000e+02
-1.230000000000000000e+02
-1.230000000000000000e+02
-1.230000000000000000e+02
-1.290000000000000000e+02
-1.250000000000000000e+02
-1.250000000000000000e+02
-1.250000000000000000e+02
-1.250000000000000000e+02
-1.250000000000000000e+02
-1.330000000000000000e+02
-1.330000000000000000e+02
-1.330000000000000000e+02
-1.330000000000000000e+02
-1.330000000000000000e+02
-1.330000000000000000e+02
-1.370000000000000000e+02
-1.370000000000000000e+02
-1.370000000000000000e+02
-1.370000000000000000e+02
-1.370000000000000000e+02
-1.370000000000000000e+02
-1.370000000000000000e+02
-1.370000000000000000e+02
-1.370000000000000000e+02
-1.370000000000000000e+02
-1.370000000000000000e+02
-1.370000000000000000e+02
-1.370000000000000000e+02
-1.370000000000000000e+02
-1.370000000000000000e+02
-1.370000000000000000e+02
-1.370000000000000000e+02
-1.370000000000000000e+02
-1.450000000000000000e+02
-1.450000000000000000e+02
-1.450000000000000000e+02
-1.450000000000000000e+02
-1.490000000000000000e+02
-1.490000000000000000e+02
-1.490000000000000000e+02
-1.490000000000000000e+02
-1.490000000000000000e+02
-1.490000000000000000e+02
-1.490000000000000000e+02
-1.490000000000000000e+02
-1.490000000000000000e+02
-1.490000000000000000e+02
-1.470000000000000000e+02
-1.530000000000000000e+02
-1.530000000000000000e+02
-1.530000000000000000e+02
-1.530000000000000000e+02
-1.530000000000000000e+02
-1.530000000000000000e+02
-1.530000000000000000e+02
-1.530000000000000000e+02
-1.530000000000000000e+02
-1.530000000000000000e+02
-1.630000000000000000e+02
-1.630000000000000000e+02
-1.670000000000000000e+02
-1.670000000000000000e+02
-1.670000000000000000e+02
-1.670000000000000000e+02
-1.670000000000000000e+02
-1.670000000000000000e+02
-1.670000000000000000e+02
-1.670000000000000000e+02
-1.670000000000000000e+02
-1.670000000000000000e+02
-1.670000000000000000e+02
-1.670000000000000000e+02
-1.670000000000000000e+02
-1.670000000000000000e+02
-1.670000000000000000e+02
-1.670000000000000000e+02
-1.670000000000000000e+02
-1.730000000000000000e+02
-1.730000000000000000e+02
-1.730000000000000000e+02
-1.730000000000000000e+02
-1.730000000000000000e+02
-1.730000000000000000e+02
-1.730000000000000000e+02
-1.730000000000000000e+02
-1.730000000000000000e+02
-1.730000000000000000e+02
-1.730000000000000000e+02
-1.730000000000000000e+02
-1.730000000000000000e+02
-1.770000000000000000e+02
-1.770000000000000000e+02
-1.770000000000000000e+02
-1.770000000000000000e+02
-1.770000000000000000e+02
-1.770000000000000000e+02
-1.770000000000000000e+02
-1.770000000000000000e+02
-1.770000000000000000e+02
-1.770000000000000000e+02
-1.770000000000000000e+02
-1.790000000000000000e+02
-1.790000000000000000e+02
-1.790000000000000000e+02
-1.790000000000000000e+02
-1.790000000000000000e+02
-1.790000000000000000e+02
-1.790000000000000000e+02
-1.790000000000000000e+02
-1.790000000000000000e+02
-1.790000000000000000e+02
-1.790000000000000000e+02
-1.790000000000000000e+02
-1.790000000000000000e+02
-1.790000000000000000e+02
-1.790000000000000000e+02
-1.790000000000000000e+02
-1.790000000000000000e+02
-1.790000000000000000e+02
-1.790000000000000000e+02
-1.790000000000000000e+02
-1.790000000000000000e+02
-1.790000000000000000e+02
-1.790000000000000000e+02
-1.790000000000000000e+02
-1.790000000000000000e+02
-1.790000000000000000e+02
-1.790000000000000000e+02
-1.790000000000000000e+02
-1.790000000000000000e+02
-1.790000000000000000e+02
-1.790000000000000000e+02
-1.790000000000000000e+02
-1.790000000000000000e+02
-1.790000000000000000e+02
-1.790000000000000000e+02
-1.790000000000000000e+02
-1.790000000000000000e+02
-1.790000000000000000e+02
-1.790000000000000000e+02
-1.790000000000000000e+02
-1.790000000000000000e+02
-1.790000000000000000e+02
-1.750000000000000000e+02
-1.750000000000000000e+02
-1.750000000000000000e+02
-1.750000000000000000e+02
-1.750000000000000000e+02
-1.750000000000000000e+02
-1.750000000000000000e+02
-1.750000000000000000e+02
-1.810000000000000000e+02
-1.810000000000000000e+02
-1.810000000000000000e+02
-1.810000000000000000e+02
-1.810000000000000000e+02
-1.810000000000000000e+02
-1.810000000000000000e+02
-1.810000000000000000e+02
-1.810000000000000000e+02
-1.810000000000000000e+02
-1.810000000000000000e+02
-1.810000000000000000e+02
-1.810000000000000000e+02
-1.810000000000000000e+02
-1.810000000000000000e+02
-1.810000000000000000e+02
-1.810000000000000000e+02
-1.810000000000000000e+02
-1.810000000000000000e+02
-1.810000000000000000e+02
-1.810000000000000000e+02
-1.810000000000000000e+02
-1.810000000000000000e+02
-1.810000000000000000e+02
-1.810000000000000000e+02
-1.810000000000000000e+02
-1.810000000000000000e+02
-1.810000000000000000e+02
-1.810000000000000000e+02
-1.810000000000000000e+02
-1.810000000000000000e+02
-1.810000000000000000e+02
-1.810000000000000000e+02
-1.810000000000000000e+02
-1.810000000000000000e+02
-1.810000000000000000e+02
-1.810000000000000000e+02
-1.810000000000000000e+02
-1.810000000000000000e+02
-1.810000000000000000e+02
-1.810000000000000000e+02
-1.810000000000000000e+02
-1.810000000000000000e+02
-1.810000000000000000e+02
-1.810000000000000000e+02
-1.810000000000000000e+02
-1.810000000000000000e+02
-1.810000000000000000e+02
-1.810000000000000000e+02
-1.810000000000000000e+02
-1.810000000000000000e+02
-1.810000000000000000e+02
-1.810000000000000000e+02
-1.810000000000000000e+02
-1.810000000000000000e+02
-1.810000000000000000e+02
-1.810000000000000000e+02
-1.810000000000000000e+02
-1.810000000000000000e+02
-1.810000000000000000e+02
-1.810000000000000000e+02
-1.810000000000000000e+02
-1.810000000000000000e+02
-1.810000000000000000e+02
-1.810000000000000000e+02
-1.810000000000000000e+02
-1.810000000000000000e+02
-1.810000000000000000e+02
-1.810000000000000000e+02
-1.810000000000000000e+02
-1.810000000000000000e+02
-1.810000000000000000e+02
-1.810000000000000000e+02
-1.810000000000000000e+02
-1.810000000000000000e+02
-1.810000000000000000e+02
-1.810000000000000000e+02
-1.810000000000000000e+02
-1.810000000000000000e+02
-1.810000000000000000e+02
-1.810000000000000000e+02
-1.810000000000000000e+02
-1.810000000000000000e+02
-1.810000000000000000e+02
-1.810000000000000000e+02
-1.810000000000000000e+02
-1.810000000000000000e+02
-1.810000000000000000e+02
-1.810000000000000000e+02
-1.810000000000000000e+02
-1.810000000000000000e+02
-1.810000000000000000e+02
-1.810000000000000000e+02
-1.810000000000000000e+02
-1.810000000000000000e+02
-1.810000000000000000e+02
-1.810000000000000000e+02
-1.810000000000000000e+02
-1.810000000000000000e+02
-1.810000000000000000e+02
-1.810000000000000000e+02
-1.810000000000000000e+02
-1.810000000000000000e+02
-1.810000000000000000e+02
-1.810000000000000000e+02
-1.810000000000000000e+02
-1.810000000000000000e+02
-1.810000000000000000e+02
-1.810000000000000000e+02
-1.810000000000000000e+02
-1.810000000000000000e+02
-1.810000000000000000e+02
-1.810000000000000000e+02
-1.810000000000000000e+02
-1.810000000000000000e+02
-1.810000000000000000e+02
-1.810000000000000000e+02
-1.810000000000000000e+02
-1.810000000000000000e+02
-1.810000000000000000e+02
-1.810000000000000000e+02
-1.810000000000000000e+02
-1.810000000000000000e+02
-1.810000000000000000e+02
-1.810000000000000000e+02
-1.810000000000000000e+02
-1.810000000000000000e+02
-1.810000000000000000e+02
-1.810000000000000000e+02
-1.810000000000000000e+02
-1.810000000000000000e+02
-1.810000000000000000e+02
-1.810000000000000000e+02
-1.810000000000000000e+02
-1.810000000000000000e+02
-1.810000000000000000e+02
-1.810000000000000000e+02
-1.810000000000000000e+02
-1.810000000000000000e+02
-1.810000000000000000e+02
-1.810000000000000000e+02
-1.810000000000000000e+02
-1.810000000000000000e+02
-1.810000000000000000e+02
-1.810000000000000000e+02
-1.810000000000000000e+02
-1.810000000000000000e+02
-1.810000000000000000e+02
-1.810000000000000000e+02
-1.810000000000000000e+02
-1.810000000000000000e+02
-1.810000000000000000e+02
-1.810000000000000000e+02
-1.810000000000000000e+02
-1.810000000000000000e+02
-1.810000000000000000e+02
-1.810000000000000000e+02
-1.810000000000000000e+02
-1.810000000000000000e+02
-1.810000000000000000e+02
-1.810000000000000000e+02
-1.810000000000000000e+02
-1.810000000000000000e+02
-1.810000000000000000e+02
-1.810000000000000000e+02
-1.810000000000000000e+02
-1.810000000000000000e+02
-1.810000000000000000e+02
-1.810000000000000000e+02
-1.810000000000000000e+02
-1.810000000000000000e+02
-1.810000000000000000e+02
-1.810000000000000000e+02
-1.810000000000000000e+02
-1.810000000000000000e+02
-1.810000000000000000e+02
-1.810000000000000000e+02
-1.810000000000000000e+02
-1.810000000000000000e+02
-1.810000000000000000e+02
-1.810000000000000000e+02
-1.810000000000000000e+02
-1.810000000000000000e+02
-1.810000000000000000e+02
-1.810000000000000000e+02
-1.810000000000000000e+02
-1.810000000000000000e+02
-1.810000000000000000e+02
-1.810000000000000000e+02
-1.810000000000000000e+02
-1.810000000000000000e+02
-1.810000000000000000e+02
-1.810000000000000000e+02
-1.810000000000000000e+02
-1.810000000000000000e+02
-1.810000000000000000e+02
-1.810000000000000000e+02
-1.810000000000000000e+02
-1.810000000000000000e+02
-1.810000000000000000e+02
-1.810000000000000000e+02
-1.810000000000000000e+02
-1.810000000000000000e+02
-1.810000000000000000e+02
-1.810000000000000000e+02
-1.810000000000000000e+02
-1.810000000000000000e+02
-1.810000000000000000e+02
-1.810000000000000000e+02
-1.810000000000000000e+02
-1.810000000000000000e+02
-1.810000000000000000e+02
-1.810000000000000000e+02
-1.810000000000000000e+02
-1.810000000000000000e+02
-1.810000000000000000e+02
-1.810000000000000000e+02
-1.810000000000000000e+02
-1.810000000000000000e+02
-1.810000000000000000e+02
-1.810000000000000000e+02
-1.810000000000000000e+02
-1.810000000000000000e+02
-1.810000000000000000e+02
-1.810000000000000000e+02
-1.810000000000000000e+02
-1.810000000000000000e+02
-1.810000000000000000e+02
-1.810000000000000000e+02
-1.810000000000000000e+02
-1.810000000000000000e+02
-1.810000000000000000e+02
-1.810000000000000000e+02
-1.810000000000000000e+02
-1.810000000000000000e+02
-1.810000000000000000e+02
-1.810000000000000000e+02
-1.810000000000000000e+02
-1.810000000000000000e+02
-1.810000000000000000e+02
-1.810000000000000000e+02
-1.810000000000000000e+02
-1.810000000000000000e+02
-1.810000000000000000e+02
-1.810000000000000000e+02
-1.810000000000000000e+02
-1.810000000000000000e+02
-1.810000000000000000e+02
-1.810000000000000000e+02
-1.810000000000000000e+02
-1.810000000000000000e+02
-1.810000000000000000e+02
-1.810000000000000000e+02
-1.810000000000000000e+02
-1.810000000000000000e+02
-1.810000000000000000e+02
-1.810000000000000000e+02
-1.810000000000000000e+02
-1.810000000000000000e+02
-1.810000000000000000e+02
-1.810000000000000000e+02
-1.810000000000000000e+02
-1.810000000000000000e+02
-1.810000000000000000e+02
-1.810000000000000000e+02
